10 10
97 68 23 14 83 71 33 78 50 15 
13 81 83 5 87 85 32 21 9 97 
59 76 46 86 4 26 65 1 5 24 
3 50 73 44 77 52 78 2 40 42 
2 91 22 24 85 98 54 41 80 73 
29 14 39 24 22 99 22 2 100 10 
5 97 29 55 16 57 24 4 100 90 
9 14 31 99 41 40 29 23 73 88 
35 23 40 30 30 70 65 72 59 88 
30 61 87 5 2 92 39 14 51 63 
10 10
59 32 91 92 39 32 91 84 10 89 
21 47 73 37 5 49 6 66 79 46 
55 40 13 15 95 55 9 45 42 93 
89 73 70 35 62 13 13 17 78 83 
36 41 50 41 86 43 51 38 2 33 
71 3 50 52 63 75 54 66 56 3 
6 94 21 64 48 95 80 86 50 60 
43 66 61 10 91 86 35 35 99 19 
57 85 50 53 59 70 9 47 28 80 
88 97 23 85 51 71 58 49 46 69 
